geoid/Geoid_OGD/chgeo2004_htrans_ETRS.agr
ncols 559
nrows 253
xllcorner 5.8458333333333333
yllcorner 45.74583333333333
cellsize 0.0083333333333333333
nodata_value 99.9000
[rows 87 to 115 of 253, columns 134 to 200 of 559]
49.9540 49.9440 49.9322 49.9218 49.9072 49.8956 49.8850 49.8814 49.8632 49.8502 49.8223 49.7925 49.7619 49.7344 49.7057 49.6783 49.6551 49.6424 49.6293 49.6085 49.5801 49.5464 49.5174 49.4924 49.4711 49.4419 49.4113 49.3681 49.3204 49.2748 49.2335 49.2021 49.1733 49.1468 49.1222 49.0987 49.0781 49.0561 49.0368 49.0158 48.9974 48.9794 48.9624 48.9463 48.9312 48.9175 48.9117 48.9058 48.8874 48.8715 48.8619 48.8548 48.8465 48.8383 48.8309 48.8255 48.8179 48.8097 48.8004 48.7905 48.7776 48.7682 48.7516 48.7351 48.7170 48.7050 48.6940
49.9528 49.9397 49.9275 49.9107 49.8931 49.8845 49.8761 49.8605 49.8439 49.8092 49.7761 49.7450 49.7129 49.6857 49.6594 49.6381 49.6182 49.5968 49.5739 49.5457 49.5204 49.4952 49.4720 49.4498 49.4244 49.3899 49.3496 49.3062 49.2611 49.2293 49.1996 49.1719 49.1466 49.1246 49.1011 49.0789 49.0571 49.0374 49.0179 48.9991 48.9807 48.9634 48.9473 48.9322 48.9178 48.9051 48.8931 48.8827 48.8718 48.8622 48.8545 48.8471 48.8415 48.8370 48.8311 48.8219 48.8112 48.8031 48.7958 48.7778 48.7593 48.7463 48.7346 48.7237 48.7132 48.7035 48.6947
49.9367 49.9212 49.9089 49.8934 49.8751 49.8682 49.8540 49.8300 49.7963 49.7640 49.7308 49.6996 49.6703 49.6424 49.6176 49.5959 49.5724 49.5493 49.5261 49.5019 49.4774 49.4495 49.4293 49.3945 49.3612 49.3304 49.2825 49.2523 49.2237 49.1961 49.1701 49.1461 49.1247 49.1059 49.0885 49.0694 49.0501 49.0310 49.0132 48.9880 48.9662 48.9497 48.9347 48.9208 48.9078 48.8963 48.8860 48.8761 48.8679 48.8597 48.8515 48.8444 48.8403 48.8337 48.8287 48.8184 48.8081 48.7865 48.7728 48.7613 48.7505 48.7404 48.7307 48.7228 48.7155 48.7065 48.6956
49.8996 49.8811 49.8656 49.8512 49.8533 49.8454 49.8176 49.7850 49.7545 49.7205 49.6896 49.6582 49.6303 49.6044 49.5805 49.5572 49.5342 49.5116 49.4888 49.4642 49.4383 49.4058 49.3754 49.3393 49.3082 49.2704 49.2435 49.2174 49.1919 49.1677 49.1469 49.1245 49.1057 49.0887 49.0687 49.0468 49.0239 49.0045 48.9864 48.9695 48.9534 48.9384 48.9249 48.9126 48.9027 48.8944 48.8851 48.8772 48.8668 48.8599 48.8510 48.8409 48.8319 48.8286 48.8144 48.7995 48.7887 48.7782 48.7690 48.7582 48.7484 48.7402 48.7337 48.7262 48.7204 48.7106 48.6990
49.8669 49.8506 49.8356 49.8276 49.8251 49.8095 49.7786 49.7467 49.7141 49.6842 49.6558 49.6233 49.5941 49.5684 49.5443 49.5223 49.4991 49.4776 49.4541 49.4254 49.3919 49.3511 49.3139 49.2849 49.2593 49.2352 49.2113 49.1880 49.1650 49.1458 49.1262 49.1100 49.0924 49.0747 49.0502 49.0278 49.0072 48.9895 48.9729 48.9574 48.9429 48.9295 48.9189 48.9110 48.9020 48.8914 48.8823 48.8746 48.8630 48.8537 48.8420 48.8320 48.8229 48.8138 48.8047 48.7962 48.7870 48.7794 48.7707 48.7612 48.7541 48.7451 48.7400 48.7323 48.7239 48.7150 48.7028
49.8378 49.8193 49.8020 49.8001 49.8006 49.7730 49.7424 49.7088 49.6789 49.6559 49.6199 49.5860 49.5566 49.5315 49.5090 49.4893 49.4640 49.4354 49.4076 49.3627 49.3259 49.2990 49.2738 49.2505 49.2277 49.2058 49.1841 49.1633 49.1436 49.1281 49.1132 49.0962 49.0774 49.0544 49.0321 49.0122 48.9944 48.9779 48.9626 48.9481 48.9347 48.9255 48.9167 48.9068 48.9003 48.8923 48.8819 48.8735 48.8647 48.8520 48.8412 48.8315 48.8221 48.8134 48.8071 48.8003 48.7945 48.7873 48.7782 48.7700 48.7609 48.7536 48.7473 48.7418 48.7311 48.7203 48.7098
49.7949 49.7796 49.7696 49.7777 49.7654 49.7365 49.7018 49.6662 49.6414 49.6060 49.5724 49.5400 49.5130 49.4886 49.4655 49.4421 49.4126 49.3753 49.3380 49.3124 49.2881 49.2649 49.2425 49.2219 49.2015 49.1812 49.1615 49.1430 49.1309 49.1160 49.0973 49.0777 49.0566 49.0358 49.0191 49.0008 48.9848 48.9694 48.9551 48.9416 48.9297 48.9191 48.9128 48.9056 48.8975 48.8919 48.8859 48.8773 48.8659 48.8545 48.8453 48.8367 48.8283 48.8170 48.8123 48.8057 48.7994 48.7922 48.7838 48.7766 48.7697 48.7623 48.7584 48.7487 48.7375 48.7276 48.7195
49.7625 49.7513 49.7486 49.7459 49.7167 49.6848 49.6517 49.6214 49.5849 49.5508 49.5172 49.4848 49.4552 49.4325 49.4026 49.3751 49.3505 49.3246 49.3015 49.2791 49.2574 49.2369 49.2176 49.1985 49.1795 49.1606 49.1428 49.1299 49.1143 49.0955 49.0768 49.0585 49.0416 49.0260 49.0077 48.9921 48.9772 48.9630 48.9495 48.9373 48.9267 48.9193 48.9091 48.9011 48.8942 48.8900 48.8833 48.8737 48.8649 48.8569 48.8482 48.8393 48.8304 48.8224 48.8154 48.8115 48.8062 48.8000 48.7923 48.7871 48.7790 48.7715 48.7645 48.7539 48.7444 48.7365 48.7287
49.7336 49.7223 49.7258 49.7029 49.6712 49.6323 49.6024 49.5633 49.5265 49.4915 49.4590 49.4274 49.4015 49.3773 49.3550 49.3338 49.3128 49.2917 49.2710 49.2513 49.2326 49.2145 49.1970 49.1789 49.1613 49.1440 49.1301 49.1122 49.0955 49.0792 49.0634 49.0485 49.0310 49.0154 49.0004 48.9860 48.9721 48.9589 48.9468 48.9366 48.9296 48.9206 48.9141 48.9063 48.8985 48.8894 48.8842 48.8764 48.8697 48.8607 48.8525 48.8450 48.8386 48.8311 48.8245 48.8187 48.8127 48.8074 48.8007 48.7946 48.7898 48.7804 48.7702 48.7611 48.7534 48.7457 48.7378
49.7064 49.7086 49.6884 49.6546 49.6146 49.5766 49.5424 49.5017 49.4653 49.4365 49.4102 49.3865 49.3641 49.3427 49.3226 49.3029 49.2836 49.2648 49.2472 49.2300 49.2129 49.1958 49.1788 49.1624 49.1493 49.1336 49.1151 49.0989 49.0849 49.0685 49.0534 49.0384 49.0238 49.0096 48.9955 48.9824 48.9696 48.9578 48.9477 48.9398 48.9348 48.9300 48.9199 48.9134 48.9057 48.8973 48.8888 48.8825 48.8759 48.8675 48.8598 48.8539 48.8473 48.8405 48.8358 48.8303 48.8245 48.8190 48.8086 48.8011 48.7949 48.7860 48.7788 48.7713 48.7623 48.7551 48.7470
49.6919 49.6790 49.6428 49.5924 49.5568 49.5261 49.4892 49.4518 49.4242 49.3989 49.3756 49.3544 49.3346 49.3158 49.3064 49.2838 49.2607 49.2433 49.2271 49.2113 49.1960 49.1824 49.1676 49.1575 49.1397 49.1202 49.1047 49.0926 49.0765 49.0609 49.0466 49.0327 49.0193 49.0060 48.9936 48.9816 48.9696 48.9596 48.9514 48.9474 48.9440 48.9363 48.9307 48.9270 48.9170 48.9126 48.9075 48.8979 48.8859 48.8765 48.8692 48.8616 48.8540 48.8473 48.8411 48.8356 48.8300 48.8254 48.8156 48.8083 48.8016 48.7952 48.7879 48.7794 48.7723 48.7653 48.7590
49.6655 49.6263 49.5783 49.5412 49.5143 49.4775 49.4415 49.4152 49.3897 49.3672 49.3466 49.3283 49.3182 49.3020 49.2824 49.2578 49.2416 49.2264 49.2146 49.2025 49.1897 49.1749 49.1627 49.1423 49.1237 49.1089 49.0953 49.0834 49.0682 49.0549 49.0419 49.0289 49.0169 49.0050 48.9940 48.9857 48.9737 48.9684 48.9644 48.9594 48.9513 48.9479 48.9458 48.9398 48.9380 48.9340 48.9275 48.9175 48.9084 48.8934 48.8853 48.8790 48.8705 48.8616 48.8529 48.8437 48.8353 48.8279 48.8209 48.8145 48.8118 48.8054 48.7993 48.7920 48.7837 48.7773 48.7730
49.6023 49.5602 49.5277 49.4963 49.4661 49.4332 49.4090 49.3838 49.3589 49.3408 49.3225 49.3162 49.2966 49.2733 49.2546 49.2386 49.2241 49.2115 49.2049 49.1966 49.1816 49.1650 49.1429 49.1271 49.1133 49.1020 49.0874 49.0748 49.0628 49.0507 49.0388 49.0272 49.0166 49.0080 49.0001 48.9916 48.9797 48.9771 48.9717 48.9668 48.9644 48.9657 48.9610 48.9618 48.9589 48.9565 48.9441 48.9327 48.9221 48.9124 48.9010 48.8982 48.8922 48.8836 48.8731 48.8623 48.8512 48.8419 48.8311 48.8244 48.8172 48.8113 48.8075 48.8019 48.7977 48.7924 48.7893
49.5396 49.5058 49.4774 49.4500 49.4237 49.4005 49.3759 49.3527 49.3314 49.3132 49.2961 49.2833 49.2665 49.2503 49.2349 49.2212 49.2117 49.2036 49.1925 49.1803 49.1660 49.1459 49.1298 49.1166 49.1062 49.0950 49.0809 49.0694 49.0587 49.0480 49.0377 49.0288 49.0213 49.0132 49.0034 48.9936 48.9924 48.9896 48.9883 48.9859 48.9803 48.9799 48.9781 48.9812 48.9796 48.9698 48.9579 48.9469 48.9366 48.9262 48.9182 48.9116 48.9041 48.8936 48.8839 48.8722 48.8619 48.8537 48.8462 48.8386 48.8317 48.8264 48.8198 48.8156 48.8130 48.8108 48.8101
49.4835 49.4576 49.4342 49.4117 49.3915 49.3694 49.3470 49.3269 49.3086 49.2914 49.2748 49.2592 49.2442 49.2301 49.2164 49.2046 49.1969 49.1861 49.1731 49.1589 49.1459 49.1315 49.1200 49.1079 49.0966 49.0859 49.0755 49.0657 49.0559 49.0466 49.0385 49.0349 49.0275 49.0146 49.0064 49.0039 49.0062 49.0056 49.0085 49.0070 49.0059 49.0005 49.0009 48.9950 48.9855 48.9775 48.9711 48.9538 48.9403 48.9312 48.9261 48.9200 48.9130 48.9043 48.8904 48.8806 48.8723 48.8644 48.8567 48.8504 48.8450 48.8419 48.8388 48.8362 48.8324 48.8327 48.8335
49.4441 49.4228 49.4022 49.3823 49.3626 49.3432 49.3242 49.3063 49.2891 49.2729 49.2575 49.2426 49.2285 49.2148 49.2021 49.1902 49.1787 49.1690 49.1578 49.1469 49.1351 49.1230 49.1111 49.1004 49.0904 49.0809 49.0717 49.0629 49.0542 49.0469 49.0444 49.0366 49.0277 49.0174 49.0133 49.0159 49.0150 49.0123 49.0170 49.0178 49.0133 49.0085 49.0091 48.9998 48.9867 48.9719 48.9616 48.9531 48.9458 48.9377 48.9290 48.9235 48.9166 48.9054 48.8963 48.8880 48.8809 48.8740 48.8677 48.8615 48.8587 48.8559 48.8563 48.8573 48.8660 48.8719 48.8674
49.4146 49.3952 49.3766 49.3587 49.3405 49.3228 49.3057 49.2893 49.2733 49.2580 49.2434 49.2295 49.2160 49.2032 49.1908 49.1788 49.1674 49.1563 49.1454 49.1346 49.1243 49.1145 49.1048 49.0956 49.0865 49.0778 49.0693 49.0613 49.0542 49.0492 49.0451 49.0382 49.0332 49.0265 49.0155 49.0138 49.0188 49.0177 49.0142 49.0150 49.0100 49.0050 49.0004 48.9940 48.9836 48.9735 48.9658 48.9595 48.9525 48.9450 48.9357 48.9270 48.9174 48.9093 48.9021 48.8961 48.8892 48.8831 48.8712 48.8706 48.8694 48.8716 48.8733 48.8860 48.8902 48.8860 48.8824
49.3909 49.3729 49.3556 49.3387 49.3218 49.3056 49.2899 49.2747 49.2598 49.2456 49.2319 49.2189 49.2062 49.1941 49.1823 49.1708 49.1597 49.1489 49.1384 49.1284 49.1190 49.1100 49.1012 49.0928 49.0847 49.0767 49.0688 49.0618 49.0570 49.0536 49.0490 49.0417 49.0370 49.0314 49.0225 49.0149 49.0145 49.0170 49.0162 49.0030 49.0054 49.0047 48.9999 48.9935 48.9849 48.9759 48.9676 48.9644 48.9573 48.9503 48.9415 48.9323 48.9260 48.9190 48.9128 48.9052 48.8996 48.8862 48.8836 48.8809 48.8802 48.8808 48.8917 48.8867 48.8913 48.8999 48.9099
49.3710 49.3538 49.3379 49.3230 49.3072 49.2920 49.2776 49.2632 49.2493 49.2362 49.2235 49.2112 49.1996 49.1882 49.1771 49.1662 49.1555 49.1449 49.1351 49.1255 49.1166 49.1083 49.1003 49.0925 49.0850 49.0778 49.0708 49.0648 49.0603 49.0574 49.0520 49.0472 49.0443 49.0342 49.0259 49.0210 49.0244 49.0130 49.0124 49.0061 49.0073 49.0060 49.0032 48.9939 48.9863 48.9770 48.9669 48.9648 48.9593 48.9519 48.9459 48.9401 48.9349 48.9261 48.9202 48.9096 48.9039 48.8965 48.8967 48.8918 48.8872 48.8884 48.8894 48.8947 48.8980 48.9078 48.9173
49.3547 49.3393 49.3244 49.3097 49.2947 49.2805 49.2671 49.2540 49.2413 49.2292 49.2175 49.2064 49.1959 49.1860 49.1780 49.1717 49.1625 49.1446 49.1341 49.1252 49.1170 49.1091 49.1016 49.0945 49.0878 49.0815 49.0754 49.0702 49.0668 49.0624 49.0570 49.0519 49.0474 49.0421 49.0346 49.0383 49.0301 49.0300 49.0184 49.0134 49.0083 49.0056 48.9974 48.9940 48.9905 48.9804 48.9720 48.9641 48.9578 48.9540 48.9458 48.9401 48.9374 48.9354 48.9299 48.9265 48.9219 48.9162 48.9094 48.9083 48.9064 48.9059 48.9047 48.9032 48.9051 48.9106 48.9192
49.3402 49.3261 49.3123 49.2985 49.2850 49.2718 49.2591 49.2474 49.2359 49.2247 49.2154 49.2078 49.2018 49.1989 49.1922 49.1765 49.1641 49.1449 49.1351 49.1268 49.1197 49.1125 49.1058 49.0994 49.0940 49.0917 49.0889 49.0815 49.0744 49.0671 49.0647 49.0593 49.0549 49.0489 49.0463 49.0497 49.0460 49.0441 49.0418 49.0378 49.0305 49.0269 49.0215 49.0108 49.0030 48.9963 48.9868 48.9857 48.9802 48.9731 48.9602 48.9598 48.9552 48.9504 48.9456 48.9412 48.9369 48.9258 48.9266 48.9246 48.9233 48.9216 48.9200 48.9190 48.9220 48.9240 48.9234
49.3279 49.3141 49.3008 49.2881 49.2762 49.2651 49.2562 49.2455 49.2359 49.2270 49.2187 49.2068 49.1987 49.1902 49.1775 49.1639 49.1545 49.1457 49.1377 49.1304 49.1244 49.1186 49.1132 49.1084 49.1043 49.1018 49.0999 49.0933 49.0853 49.0774 49.0754 49.0714 49.0685 49.0615 49.0698 49.0659 49.0711 49.0713 49.0700 49.0621 49.0547 49.0482 49.0417 49.0332 49.0235 49.0174 49.0107 49.0050 48.9960 48.9856 48.9832 48.9781 48.9724 48.9678 48.9637 48.9581 48.9533 48.9464 48.9384 48.9361 48.9429 48.9411 48.9399 48.9408 48.9491 48.9465 48.9524
49.3165 49.3039 49.2925 49.2823 49.2748 49.2655 49.2563 49.2503 49.2403 49.2300 49.2168 49.2029 49.1902 49.1812 49.1728 49.1645 49.1567 49.1493 49.1427 49.1368 49.1321 49.1291 49.1253 49.1266 49.1252 49.1206 49.1109 49.1046 49.0977 49.0904 49.0869 49.0833 49.0808 49.0757 49.0814 49.0868 49.0865 49.0842 49.0840 49.0740 49.0645 49.0574 49.0509 49.0451 49.0401 49.0355 49.0304 49.0238 49.0163 49.0120 49.0043 48.9986 48.9940 48.9892 48.9833 48.9780 48.9704 48.9640 48.9625 48.9610 48.9584 48.9564 48.9546 48.9535 48.9555 48.9602 48.9702
49.3084 49.2985 49.2928 49.2830 49.2772 49.2667 49.2618 49.2524 49.2418 49.2244 49.2091 49.1990 49.1904 49.1822 49.1745 49.1674 49.1610 49.1549 49.1494 49.1456 49.1482 49.1463 49.1459 49.1444 49.1389 49.1335 49.1261 49.1200 49.1105 49.1065 49.1019 49.0981 49.0921 49.0900 49.0923 49.0988 49.0959 49.0962 49.0927 49.0871 49.0830 49.0799 49.0759 49.0684 49.0667 49.0626 49.0560 49.0480 49.0400 49.0338 49.0277 49.0229 49.0251 49.0182 49.0088 49.0040 48.9983 48.9917 48.9839 48.9800 48.9792 48.9764 48.9746 48.9724 48.9714 48.9707 48.9724
49.3068 49.2996 49.2928 49.2861 49.2774 49.2683 49.2571 49.2465 49.2286 49.2177 49.2086 49.2002 49.1924 49.1852 49.1787 49.1726 49.1673 49.1635 49.1607 49.1583 49.1618 49.1616 49.1611 49.1588 49.1557 49.1471 49.1432 49.1350 49.1300 49.1220 49.1180 49.1151 49.1079 49.1108 49.1137 49.1138 49.1138 49.1135 49.1125 49.1086 49.1070 49.1035 49.0992 49.0937 49.0929 49.0892 49.0841 49.0766 49.0679 49.0590 49.0573 49.0556 49.0532 49.0437 49.0361 49.0370 49.0362 49.0367 49.0282 49.0134 49.0049 48.9983 48.9917 48.9905 48.9916 48.9898 48.9904
49.3053 49.2970 49.2879 49.2794 49.2681 49.2599 49.2448 49.2345 49.2254 49.2173 49.2099 49.2029 49.1966 49.1906 49.1850 49.1810 49.1776 49.1754 49.1773 49.1736 49.1772 49.1778 49.1762 49.1728 49.1705 49.1646 49.1571 49.1498 49.1450 49.1384 49.1357 49.1322 49.1252 49.1234 49.1289 49.1303 49.1287 49.1309 49.1303 49.1296 49.1276 49.1235 49.1202 49.1195 49.1149 49.1117 49.1067 49.1003 49.0931 49.0946 49.0917 49.0859 49.0755 49.0730 49.0712 49.0669 49.0751 49.0845 49.0760 49.0572 49.0379 49.0281 49.0177 49.0117 49.0079 49.0110 49.0118
49.3037 49.2943 49.2841 49.2718 49.2598 49.2504 49.2420 49.2341 49.2268 49.2194 49.2130 49.2075 49.2022 49.1981 49.1960 49.1931 49.1911 49.1903 49.1900 49.1921 49.1942 49.1911 49.1885 49.1879 49.1834 49.1794 49.1753 49.1663 49.1600 49.1560 49.1527 49.1499 49.1438 49.1416 49.1472 49.1465 49.1496 49.1503 49.1503 49.1481 49.1493 49.1448 49.1443 49.1402 49.1384 49.1376 49.1333 49.1221 49.1257 49.1245 49.1243 49.1151 49.1076 49.1098 49.1058 49.1021 49.1055 49.0949 49.0907 49.0860 49.0734 49.0612 49.0479 49.0400 49.0336 49.0295 49.0279
49.3035 49.2922 49.2805 49.2674 49.2583 49.2503 49.2432 49.2366 49.2305 49.2248 49.2198 49.2155 49.2127 49.2115 49.2080 49.2061 49.2068 49.2098 49.2129 49.2175 49.2121 49.2089 49.2024 49.1987 49.1952 49.1911 49.1869 49.1846 49.1802 49.1737 49.1676 49.1651 49.1631 49.1613 49.1613 49.1668 49.1699 49.1658 49.1654 49.1645 49.1617 49.1626 49.1614 49.1636 49.1642 49.1602 49.1564 49.1537 49.1531 49.1532 49.1465 49.1459 49.1394 49.1415 49.1396 49.1418 49.1593 49.1536 49.1324 49.1335 49.1289 49.1131 49.0888 49.0704 49.0627 49.0574 49.0537
49.3016 49.2908 49.2787 49.2676 49.2602 49.2534 49.2476 49.2420 49.2369 49.2326 49.2291 49.2281 49.2262 49.2248 49.2237 49.2241 49.2287 49.2276 49.2327 49.2326 49.2246 49.2228 49.2204 49.2204 49.2154 49.2103 49.2087 49.2082 49.2004 49.1920 49.1901 49.1914 49.1926 49.1925 49.1876 49.1908 49.1867 49.1830 49.1829 49.1862 49.1825 49.1810 49.1804 49.1796 49.1784 49.1763 49.1745 49.1791 49.1834 49.1775 49.1792 49.1757 49.1762 49.1754 49.1727 49.1765 49.1820 49.1931 49.1820 49.1781 49.1694 49.1570 49.1361 49.1103 49.0947 49.0882 49.0841
