geoid/Geoid_OGD/chgeo2004_htrans_ETRS.agr
ncols 559
nrows 253
xllcorner 5.8458333333333333
yllcorner 45.74583333333333
cellsize 0.0083333333333333333
nodata_value 99.9000
[rows 203 to 231 of 253, columns 201 to 267 of 559]
53.8506 53.8556 53.8786 53.8546 53.8296 53.8238 53.9025 53.9543 53.9559 53.9326 53.9052 53.8874 53.9458 54.0446 54.1509 54.1843 54.2093 54.2255 54.2512 54.2206 54.1939 54.2291 54.3081 54.3287 54.3634 54.3954 54.3125 54.2705 54.2228 54.1451 54.0788 53.9815 53.9077 53.9191 53.9678 54.0347 54.0947 54.0332 54.0669 54.1190 54.1532 54.1061 54.0955 54.0752 54.0924 54.0469 53.9447 53.8670 53.8073 53.8472 53.8815 53.9120 53.9495 53.9697 54.0065 53.9797 53.9794 54.0093 53.9526 53.8563 53.7700 53.6980 53.6330 53.5228 53.4267 53.4176 53.4222
53.9104 53.9331 53.9580 54.0132 53.9748 53.9232 53.9852 54.0746 54.0902 54.0734 54.0525 54.0057 53.9868 54.1076 54.1757 54.2370 54.3221 54.3829 54.3557 54.3157 54.2920 54.3293 54.3411 54.3740 54.4120 54.4541 54.4389 54.3704 54.3093 54.2594 54.2018 54.0963 53.9942 54.0217 54.1021 54.1491 54.2113 54.1875 54.1647 54.2128 54.2337 54.2796 54.2410 54.2278 54.2278 54.1468 54.0662 53.9881 53.8927 53.9032 53.9380 53.9670 54.0001 54.0365 53.9893 53.9991 54.0018 54.0275 53.9917 53.8707 53.7967 53.7304 53.6661 53.5767 53.5308 53.4983 53.4457
54.0223 54.0337 54.0561 54.0946 54.0645 54.0335 54.0674 54.1367 54.1593 54.1503 54.1324 54.1022 54.0744 54.1426 54.2056 54.2868 54.3868 54.4299 54.4568 54.4161 54.4121 54.4384 54.4551 54.4672 54.4786 54.5290 54.4841 54.4303 54.3720 54.3162 54.2132 54.1326 54.0706 54.1348 54.2011 54.2917 54.3395 54.3341 54.2999 54.3124 54.3361 54.3574 54.3963 54.3730 54.2912 54.1929 54.1130 54.0412 53.9632 53.9563 53.9757 54.0010 54.0245 54.0063 54.0144 54.0403 54.0377 54.0413 54.0409 53.9358 53.8440 53.7998 53.7424 53.6799 53.6271 53.6018 53.5332
54.0870 54.1099 54.1088 54.1274 54.1372 54.1137 54.1327 54.2110 54.2701 54.2504 54.2247 54.2081 54.1506 54.1956 54.2742 54.3595 54.4423 54.4790 54.5281 54.5300 54.5441 54.5891 54.5733 54.5480 54.5557 54.5728 54.5745 54.5376 54.4771 54.4156 54.3140 54.2465 54.1471 54.1839 54.2757 54.3623 54.4238 54.4741 54.4326 54.4545 54.4716 54.4576 54.4512 54.4304 54.3493 54.2725 54.1927 54.1235 54.0466 53.9842 53.9979 54.0136 54.0254 54.0454 54.0688 54.0764 54.0764 54.0780 54.0799 54.0401 53.9223 53.8525 53.8099 53.7323 53.6700 53.6446 53.6082
54.0893 54.1543 54.1968 54.2025 54.1899 54.1857 54.2266 54.3097 54.3727 54.3786 54.3342 54.2884 54.2403 54.2601 54.3361 54.4319 54.4787 54.5124 54.5409 54.6055 54.6308 54.6397 54.6832 54.6700 54.6411 54.6359 54.6758 54.6606 54.5745 54.4875 54.4022 54.2902 54.2232 54.2788 54.3716 54.4212 54.4696 54.4975 54.5693 54.5546 54.5492 54.5476 54.5310 54.4828 54.4487 54.3489 54.2858 54.1939 54.1268 54.0483 54.0361 54.0808 54.1188 54.1163 54.1229 54.1540 54.1438 54.1714 54.1207 54.1137 53.9796 53.9372 53.8983 53.8228 53.7358 53.6630 53.5906
54.1101 54.1855 54.2598 54.2906 54.2956 54.2791 54.3121 54.3855 54.4546 54.4689 54.4951 54.4120 54.3525 54.3352 54.4604 54.5149 54.5336 54.5724 54.5957 54.6499 54.6971 54.7314 54.7511 54.7921 54.7826 54.7143 54.6807 54.6327 54.5980 54.5198 54.4168 54.2951 54.3009 54.3716 54.4532 54.4861 54.5414 54.5814 54.6350 54.6727 54.6513 54.6318 54.6295 54.5390 54.4503 54.3818 54.3302 54.2708 54.1867 54.1231 54.0696 54.1063 54.1461 54.1657 54.1872 54.1929 54.1734 54.1113 54.0825 54.0647 54.0154 53.9679 53.8570 53.7759 53.7097 53.6329 53.5628
54.1475 54.2232 54.3154 54.3884 54.3835 54.3865 54.3765 54.4222 54.4650 54.5348 54.5321 54.5074 54.4573 54.4138 54.5049 54.5599 54.6243 54.6662 54.6650 54.7055 54.7423 54.7797 54.8216 54.8329 54.7986 54.7822 54.7242 54.6343 54.5579 54.4660 54.4256 54.3635 54.3959 54.4670 54.4983 54.5640 54.5989 54.6675 54.6745 54.6960 54.7084 54.7274 54.6546 54.6040 54.5243 54.4287 54.3323 54.2691 54.2088 54.1654 54.1240 54.1315 54.1644 54.1941 54.1727 54.1667 54.1371 54.1131 54.0924 54.0724 54.0540 53.9442 53.8885 53.7961 53.7010 53.6383 53.5834
54.2039 54.2771 54.3637 54.4080 54.4627 54.4784 54.4802 54.4796 54.5197 54.6184 54.5765 54.5667 54.5593 54.5383 54.5446 54.5709 54.5971 54.6465 54.6958 54.7266 54.7514 54.7813 54.8639 54.9550 54.9186 54.8833 54.8059 54.7121 54.6201 54.5473 54.4521 54.4167 54.4696 54.5056 54.5577 54.6318 54.6761 54.7161 54.7402 54.7635 54.7929 54.7794 54.6746 54.6075 54.5356 54.4477 54.3462 54.3015 54.2686 54.2692 54.2282 54.1506 54.1356 54.1458 54.1377 54.1228 54.0990 54.0915 54.0914 54.0775 54.0412 53.9988 53.9411 53.8382 53.7060 53.6451 53.5757
54.2629 54.3319 54.4102 54.4678 54.5122 54.5601 54.5857 54.5859 54.6065 54.6879 54.6738 54.6631 54.6522 54.6157 54.6297 54.6897 54.7232 54.7347 54.7573 54.7803 54.8062 54.8441 54.9247 54.8860 54.8409 54.8295 54.8349 54.7636 54.6922 54.6188 54.4984 54.4731 54.5217 54.5874 54.6742 54.7209 54.7266 54.7743 54.8022 54.8113 54.8771 54.7796 54.6978 54.6167 54.5408 54.4941 54.4214 54.3844 54.3799 54.3475 54.3350 54.2526 54.1615 54.1704 54.2196 54.2285 54.2017 54.1421 54.0955 54.0706 54.0388 53.9781 53.8757 53.7943 53.7097 53.6450 53.5486
54.3074 54.3851 54.4282 54.4979 54.5374 54.5986 54.7032 54.6790 54.6954 54.7531 54.8102 54.7849 54.7246 54.6726 54.7542 54.7986 54.8578 54.8564 54.8783 54.8690 54.8745 54.9160 54.9673 54.8847 54.8129 54.7982 54.7915 54.7544 54.6622 54.6018 54.5251 54.5259 54.6024 54.6619 54.6793 54.7246 54.7733 54.8188 54.8433 54.9085 54.9364 54.8193 54.7362 54.6784 54.6186 54.5847 54.5198 54.4793 54.4579 54.4546 54.4163 54.3018 54.2008 54.2117 54.2195 54.2266 54.2381 54.2177 54.1565 54.0899 54.0589 53.9754 53.8428 53.7551 53.6966 53.6366 53.5966
54.3478 54.3996 54.4757 54.5643 54.6506 54.7039 54.7707 54.8178 54.8331 54.8422 54.8839 54.8222 54.7959 54.7686 54.8422 54.9178 54.9547 54.9935 54.9666 54.9644 55.0143 55.0130 54.9681 54.8840 54.8248 54.8063 54.7646 54.7431 54.7121 54.6712 54.5692 54.5868 54.6300 54.7016 54.7914 54.8312 54.8368 54.8717 54.8503 54.8853 54.8807 54.8634 54.7933 54.7338 54.6972 54.6543 54.6016 54.5485 54.5462 54.5223 54.4375 54.3324 54.2483 54.2659 54.2331 54.1854 54.1992 54.2058 54.1787 54.1343 54.0858 53.9751 53.8756 53.8026 53.7604 53.6817 53.6283
54.5213 54.5241 54.5103 54.5802 54.6828 54.7656 54.8001 54.8438 54.9393 54.9508 54.9701 54.9061 54.8505 54.8623 54.9045 54.9432 54.9804 55.0131 55.0376 55.0612 55.0738 55.0226 55.0067 54.9584 54.9092 54.8910 54.8573 54.8590 54.7932 54.6930 54.6146 54.6283 54.6774 54.7185 54.7725 54.8238 54.8079 54.8394 54.8719 54.8807 54.9115 54.9414 54.8574 54.8003 54.7383 54.7041 54.6532 54.6209 54.5767 54.5202 54.4640 54.3762 54.2761 54.2761 54.2985 54.2529 54.1741 54.1751 54.1533 54.1293 54.0954 53.9810 53.8941 53.8363 53.7798 53.6995 53.5956
54.6780 54.6821 54.6451 54.6338 54.6911 54.7756 54.8572 54.9259 54.9514 55.0225 55.0500 54.9970 54.9704 54.9342 54.9400 54.9740 54.9925 55.0357 55.0658 55.1189 55.1097 55.0862 55.0699 55.0502 54.9880 54.9659 54.9744 54.8974 54.8279 54.7137 54.6611 54.7005 54.7583 54.7878 54.7652 54.7816 54.8435 54.8878 54.8989 54.9256 54.9387 54.9442 54.8888 54.8536 54.7969 54.7554 54.7090 54.6604 54.6038 54.5553 54.4752 54.3883 54.3119 54.3165 54.3265 54.3387 54.2370 54.1492 54.1403 54.1268 54.1112 53.9960 53.8887 53.8084 53.7180 53.6392 53.5617
54.8210 54.8187 54.7636 54.7249 54.7443 54.8311 54.8919 54.9371 54.9940 55.0490 55.1168 55.1110 55.0608 55.0179 55.0146 55.0298 55.0381 55.0676 55.1043 55.1072 55.0881 55.0804 55.0580 55.0299 55.0123 55.0095 54.9708 54.9203 54.8184 54.7318 54.7258 54.7673 54.8187 54.8888 54.8697 54.8168 54.8320 54.8720 54.8930 54.9119 54.9215 54.9255 54.9317 54.9038 54.8527 54.8334 54.7955 54.6764 54.6294 54.5781 54.5077 54.4198 54.3526 54.3415 54.3424 54.3348 54.2808 54.2040 54.1291 54.0808 54.0455 54.0039 53.9258 53.8022 53.6874 53.6062 53.5207
54.9339 54.8783 54.8470 54.7947 54.8247 54.8573 54.9304 54.9835 55.0393 55.0977 55.1238 55.1137 55.1137 55.0859 55.0936 55.0834 55.1309 55.1978 55.2123 55.1840 55.1034 55.0512 55.0006 54.9900 54.9867 55.0032 54.9358 54.8912 54.8042 54.7586 54.8218 54.8602 54.9030 54.9465 54.9174 54.9075 54.8687 54.8599 54.8984 54.9092 54.9196 54.9183 54.9121 54.8943 54.8811 54.8047 54.7550 54.7020 54.6397 54.5962 54.5539 54.4450 54.3683 54.3444 54.3400 54.3162 54.2978 54.2393 54.1644 54.0941 54.0512 54.0059 53.9024 53.8204 53.7364 53.6042 53.5135
54.9797 54.9325 54.8978 54.8809 54.9523 54.9274 54.9703 55.0288 55.0879 55.1583 55.2386 55.2448 55.1893 55.1585 55.1706 55.2178 55.1693 55.1657 55.2010 55.1522 55.1109 55.0647 55.0290 54.9748 54.9732 54.9843 54.9326 54.8505 54.7978 54.8325 54.8708 54.9195 54.9337 54.9581 54.9709 54.9796 54.9288 54.9090 54.9041 54.9302 54.9425 54.9393 54.9330 54.9316 54.8957 54.8459 54.8156 54.7660 54.6965 54.6147 54.5199 54.4501 54.3757 54.3411 54.3178 54.3024 54.2773 54.2463 54.1998 54.1171 54.0074 53.9198 53.8684 53.8045 53.6966 53.5749 53.5338
55.0391 54.9969 54.9526 54.9722 55.0575 55.0181 55.0288 55.0949 55.1341 55.1787 55.2515 55.1824 55.1793 55.2322 55.2045 55.2152 55.1716 55.1162 55.1428 55.1835 55.1583 55.1469 55.0698 55.0194 54.9761 54.9123 54.8943 54.8332 54.8469 54.8713 54.8960 54.9328 54.9863 54.9911 55.0115 55.0223 55.0017 54.9679 54.9418 54.9376 54.9492 54.9521 54.9813 54.9907 54.9046 54.8830 54.8532 54.8077 54.7069 54.6108 54.5456 54.4923 54.4034 54.3239 54.3202 54.2689 54.2238 54.1872 54.1450 54.1143 54.0162 53.9121 53.8239 53.7448 53.6499 53.6256 53.5764
55.0932 55.0715 55.0656 55.0885 55.1196 55.0862 55.1149 55.1387 55.1782 55.2170 55.2084 55.1820 55.1929 55.2139 55.2024 55.1942 55.1619 55.1076 55.1424 55.1327 55.1092 55.0933 55.0816 55.0509 54.9936 54.9336 54.8719 54.8612 54.9018 54.9314 54.9444 54.9647 54.9849 54.9915 54.9900 54.9949 54.9883 54.9929 55.0045 54.9968 54.9983 55.0072 54.9782 54.9570 54.9652 54.9111 54.8401 54.7681 54.6748 54.6153 54.5620 54.5067 54.4098 54.3331 54.3228 54.2900 54.2732 54.1842 54.1162 54.0576 53.9719 53.8770 53.7880 53.7500 53.6958 53.6481 53.6070
55.1035 55.1250 55.1275 55.1372 55.1735 55.1774 55.1895 55.2148 55.2280 55.2463 55.1675 55.1730 55.1973 55.2091 55.1544 55.1226 55.1073 55.0899 55.0724 55.0554 55.0323 55.0086 54.9924 54.9851 54.9691 54.9178 54.9008 54.9172 54.9238 54.9429 54.9459 54.9604 54.9599 54.9724 54.9762 54.9737 54.9697 54.9793 54.9829 54.9725 54.9872 54.9871 54.9773 54.9726 54.9173 54.8947 54.8312 54.7424 54.6793 54.6206 54.5665 54.4930 54.4039 54.3340 54.2896 54.2635 54.2174 54.1931 54.1097 54.0591 53.9836 53.8905 53.8280 53.7713 53.7111 53.6570 53.6287
55.1148 55.1736 55.1717 55.1896 55.2158 55.2468 55.2395 55.2504 55.2579 55.2480 55.2006 55.1829 55.1626 55.1455 55.1339 55.1225 55.1112 55.1024 55.0963 55.0911 55.0826 55.0782 55.0621 55.0383 54.9944 54.9560 54.9644 54.9870 55.0028 55.0344 55.0165 55.0288 55.0322 55.0335 55.0268 55.0130 55.0040 55.0030 55.0037 55.0200 55.0004 54.9792 54.9557 54.9264 54.8938 54.8559 54.8044 54.7529 54.6943 54.6252 54.5741 54.5046 54.4408 54.3696 54.3151 54.2443 54.1896 54.1109 54.0518 53.9914 53.9284 53.8993 53.8418 53.7776 53.7256 53.6596 53.5777
55.1212 55.1799 55.2190 55.2252 55.2415 55.2752 55.2961 55.2845 55.2707 55.2501 55.2136 55.1774 55.1703 55.1637 55.1861 55.1953 55.2073 55.1854 55.1654 55.1551 55.1523 55.1329 55.1086 55.0834 55.0325 55.0186 55.0586 55.0640 55.0665 55.0802 55.0826 55.0756 55.0859 55.1141 55.0832 55.0771 55.0679 55.0763 55.0518 55.0638 55.0179 54.9882 54.9536 54.9350 54.9012 54.8660 54.7908 54.7135 54.6477 54.5571 54.4971 54.4517 54.3826 54.2859 54.2387 54.1982 54.1460 54.0872 54.0126 53.9116 53.8566 53.8033 53.7683 53.7152 53.6547 53.6140 53.5204
55.1218 55.1743 55.2306 55.2558 55.2476 55.2634 55.2866 55.3061 55.2998 55.2434 55.2189 55.2044 55.2047 55.2269 55.2566 55.3231 55.2693 55.2516 55.2345 55.1929 55.1585 55.1344 55.1338 55.1223 55.1042 55.0495 55.0533 55.0962 55.1005 55.1074 55.1307 55.1423 55.1256 55.1126 55.1072 55.0939 55.1039 55.0917 55.0899 55.0790 55.0486 55.0133 54.9696 54.9387 54.9182 54.8406 54.7213 54.6348 54.5479 54.4721 54.4110 54.3631 54.2554 54.2011 54.1588 54.1220 54.0817 54.0646 53.9985 53.9105 53.8004 53.7124 53.6835 53.6343 53.5712 53.5286 53.4580
55.1557 55.2041 55.2561 55.2237 55.2383 55.2609 55.3147 55.3171 55.2860 55.3125 55.2927 55.2687 55.2619 55.2490 55.2543 55.3584 55.3594 55.2988 55.2282 55.1931 55.1842 55.1879 55.1789 55.1669 55.1485 55.1425 55.0963 55.0760 55.0742 55.0746 55.0799 55.0775 55.0737 55.0733 55.0882 55.1013 55.0993 55.0820 55.0690 55.0605 55.0374 55.0137 54.9850 54.9409 54.8487 54.7725 54.6416 54.5541 54.4698 54.3843 54.3092 54.2168 54.1549 54.1190 54.0831 54.0362 54.0186 53.9580 53.9074 53.8370 53.7549 53.6491 53.6069 53.5538 53.4833 53.4373 53.3757
55.1737 55.1886 55.2073 55.2173 55.1741 55.2139 55.2519 55.2803 55.3059 55.3261 55.3507 55.2641 55.2566 55.2532 55.2832 55.2662 55.2469 55.2350 55.2608 55.2150 55.2070 55.2080 55.2044 55.1976 55.1914 55.1602 55.1288 55.1153 55.1003 55.0921 55.0949 55.0932 55.0948 55.0932 55.0857 55.1150 55.1339 55.1148 55.0859 55.0553 55.0327 55.0122 54.9654 54.8924 54.7627 54.6662 54.5748 54.4912 54.4207 54.3233 54.2433 54.1836 54.1172 54.0447 53.9842 53.9385 53.9270 53.8757 53.8224 53.7516 53.6717 53.5949 53.5403 53.5036 53.4667 53.4091 53.3676
55.2371 55.2275 55.2200 55.1927 55.1494 55.1701 55.2174 55.2474 55.2890 55.3284 55.2692 55.2209 55.2131 55.1905 55.1994 55.1932 55.1991 55.2161 55.2670 55.2637 55.2267 55.2275 55.2201 55.2080 55.1802 55.1846 55.1634 55.1594 55.1440 55.1270 55.1266 55.1497 55.1397 55.1089 55.1005 55.1219 55.1377 55.1276 55.1102 55.1119 55.0827 55.0216 54.9599 54.8406 54.7572 54.6516 54.5518 54.4805 54.4417 54.3636 54.2856 54.2217 54.1395 54.0532 53.9739 53.9124 53.8416 53.7857 53.7310 53.6780 53.6634 53.6329 53.5906 53.5702 53.5066 53.4733 53.4279
55.1822 55.2007 55.2062 55.1495 55.1016 55.1656 55.2294 55.2504 55.2619 55.2959 55.2262 55.1528 55.1466 55.1339 55.1153 55.1420 55.1705 55.1865 55.1938 55.2114 55.2107 55.2181 55.2458 55.2175 55.2029 55.2011 55.2025 55.2223 55.1876 55.1920 55.1845 55.2010 55.2229 55.1480 55.1680 55.1599 55.1269 55.1533 55.1432 55.1166 55.1007 55.0955 54.9799 54.8517 54.7386 54.6388 54.5493 54.4767 54.4269 54.3961 54.3097 54.2470 54.1751 54.0902 53.9849 53.8916 53.8768 53.8239 53.7974 53.7186 53.6742 53.6830 53.6465 53.5678 53.5066 53.4906 53.4750
55.1413 55.1580 55.1891 55.1229 55.0781 55.1294 55.1608 55.2164 55.2755 55.1881 55.1518 55.0974 55.0789 55.0687 55.1040 55.1179 55.1398 55.1501 55.1672 55.1806 55.1868 55.1869 55.2154 55.2261 55.2782 55.2450 55.2906 55.3181 55.2530 55.2363 55.2416 55.2658 55.2199 55.1428 55.1129 55.1387 55.2128 55.2169 55.1993 55.1143 55.1234 55.1129 54.9819 54.8502 54.7492 54.6489 54.5483 54.4699 54.4280 54.3938 54.3729 54.2642 54.1506 54.0654 53.9507 53.8946 53.8908 53.8728 53.8161 53.7487 53.6995 53.6722 53.6554 53.6031 53.5462 53.5198 53.4968
55.1246 55.0887 55.0671 55.0722 55.0529 55.0915 55.1327 55.1990 55.1605 55.1157 55.0763 55.0570 55.0304 55.0343 55.0587 55.0595 55.1048 55.1136 55.1384 55.1421 55.1640 55.1973 55.2185 55.2364 55.2705 55.2939 55.2793 55.2602 55.2548 55.2725 55.2727 55.2818 55.2286 55.1654 55.1662 55.1989 55.1493 55.1647 55.1523 55.0740 55.0944 55.0814 54.9971 54.8682 54.7596 54.6691 54.5984 54.4915 54.4495 54.3980 54.3024 54.2184 54.1503 54.0353 53.9343 53.9354 53.8865 53.8474 53.8193 53.7724 53.7213 53.6900 53.6549 53.6044 53.5525 53.5229 53.4761
54.9983 54.9873 54.9807 55.0088 55.0426 55.0709 55.0957 55.1417 55.1106 55.0351 55.0264 54.9886 54.9992 55.0250 55.0562 55.0643 55.0798 55.0909 55.1178 55.1415 55.1547 55.1730 55.2117 55.2415 55.2512 55.2580 55.2302 55.1843 55.1815 55.1764 55.1817 55.2535 55.2614 55.1821 55.1979 55.2189 55.1812 55.1935 55.1218 55.0614 55.0453 55.0340 55.0129 54.8593 54.7562 54.7186 54.6350 54.5311 54.4750 54.3576 54.2608 54.1501 54.0634 53.9744 53.9396 53.9115 53.8879 53.8586 53.8213 53.7494 53.6918 53.6541 53.5984 53.5496 53.5006 53.4727 53.4452
