geoid/Geoid_OGD/chgeo2004_htrans_ETRS.agr
ncols 559
nrows 253
xllcorner 5.8458333333333333
yllcorner 45.74583333333333
cellsize 0.0083333333333333333
nodata_value 99.9000
[rows 58 to 86 of 253, columns 134 to 200 of 559]
49.4512 49.4534 49.4531 49.4479 49.4499 49.4491 49.4479 49.4436 49.4380 49.4295 49.4227 49.4186 49.4180 49.4104 49.4048 49.4001 49.3937 49.3836 49.3763 49.3662 49.3632 49.3561 49.3434 49.3331 49.3287 49.3327 49.3320 49.3323 49.3340 49.3251 49.3112 49.2882 49.2729 49.2601 49.2500 49.2421 49.2295 49.2168 49.2037 49.1884 49.1736 49.1559 49.1403 49.1247 49.1121 49.0978 49.0848 49.0742 49.0659 49.0598 49.0549 49.0524 49.0509 49.0493 49.0472 49.0545 49.0432 49.0503 49.0479 49.0392 49.0275 49.0179 49.0116 49.0067 49.0041 49.0027 48.9987
49.4734 49.4699 49.4651 49.4624 49.4567 49.4613 49.4604 49.4559 49.4492 49.4419 49.4354 49.4307 49.4288 49.4209 49.4172 49.4073 49.3994 49.3905 49.3847 49.3801 49.3715 49.3638 49.3584 49.3603 49.3527 49.3445 49.3547 49.3556 49.3477 49.3240 49.3055 49.2888 49.2743 49.2599 49.2474 49.2378 49.2272 49.2137 49.1982 49.1843 49.1676 49.1527 49.1378 49.1237 49.1106 49.0986 49.0881 49.0795 49.0706 49.0639 49.0585 49.0541 49.0506 49.0497 49.0482 49.0455 49.0429 49.0407 49.0393 49.0341 49.0255 49.0194 49.0183 49.0147 49.0096 49.0097 49.0093
49.4826 49.4786 49.4695 49.4683 49.4738 49.4711 49.4691 49.4651 49.4570 49.4470 49.4460 49.4397 49.4405 49.4316 49.4281 49.4233 49.4293 49.4293 49.4295 49.4220 49.4114 49.4007 49.3893 49.3727 49.3641 49.3613 49.3627 49.3634 49.3426 49.3237 49.3068 49.2936 49.2825 49.2663 49.2511 49.2379 49.2283 49.2177 49.2020 49.1901 49.1812 49.1650 49.1449 49.1306 49.1188 49.1088 49.0999 49.0899 49.0809 49.0735 49.0677 49.0633 49.0598 49.0568 49.0537 49.0505 49.0491 49.0466 49.0396 49.0354 49.0321 49.0282 49.0252 49.0226 49.0215 49.0260 49.0332
49.4953 49.4901 49.4879 49.4860 49.4917 49.4845 49.4835 49.4877 49.4862 49.4858 49.4730 49.4782 49.4711 49.4747 49.4759 49.4680 49.4612 49.4659 49.4572 49.4414 49.4296 49.4236 49.4115 49.3949 49.4039 49.3936 49.3898 49.3687 49.3479 49.3313 49.3158 49.3017 49.2875 49.2735 49.2600 49.2468 49.2338 49.2216 49.2122 49.2003 49.1878 49.1698 49.1568 49.1457 49.1363 49.1279 49.1216 49.1124 49.0968 49.0893 49.0846 49.0809 49.0780 49.0782 49.0742 49.0675 49.0632 49.0571 49.0580 49.0513 49.0481 49.0427 49.0386 49.0369 49.0354 49.0377 49.0529
49.5393 49.5287 49.5257 49.5273 49.5294 49.5307 49.5305 49.5318 49.5299 49.5204 49.5134 49.5163 49.5156 49.5120 49.5097 49.5035 49.4981 49.4829 49.4718 49.4620 49.4433 49.4347 49.4265 49.4339 49.4319 49.4192 49.4062 49.3869 49.3641 49.3482 49.3329 49.3184 49.3044 49.2920 49.2792 49.2659 49.2523 49.2396 49.2279 49.2153 49.2022 49.1922 49.1796 49.1697 49.1609 49.1511 49.1428 49.1316 49.1227 49.1141 49.1129 49.1123 49.1107 49.1146 49.1100 49.0957 49.0939 49.0793 49.0851 49.0793 49.0731 49.0687 49.0594 49.0562 49.0572 49.0645 49.0553
49.5747 49.5703 49.5679 49.5709 49.5712 49.5693 49.5675 49.5647 49.5577 49.5562 49.5542 49.5487 49.5367 49.5325 49.5279 49.5155 49.5090 49.4952 49.4849 49.4835 49.4834 49.4801 49.4767 49.4705 49.4526 49.4373 49.4182 49.4072 49.3947 49.3763 49.3585 49.3441 49.3332 49.3207 49.3125 49.3021 49.2823 49.2716 49.2599 49.2470 49.2356 49.2247 49.2098 49.1998 49.1926 49.1818 49.1737 49.1655 49.1621 49.1408 49.1390 49.1471 49.1390 49.1295 49.1251 49.1203 49.1167 49.1083 49.0946 49.0871 49.0820 49.0762 49.0762 49.0879 49.0808 49.0761 49.0813
49.6032 49.5948 49.5918 49.5903 49.5947 49.5954 49.5938 49.5836 49.5653 49.5677 49.5687 49.5635 49.5509 49.5454 49.5358 49.5307 49.5278 49.5273 49.5301 49.5317 49.5292 49.5227 49.5088 49.4896 49.4734 49.4647 49.4580 49.4509 49.4379 49.4120 49.3829 49.3812 49.3782 49.3618 49.3552 49.3448 49.3255 49.3200 49.3073 49.2964 49.2826 49.2683 49.2593 49.2448 49.2417 49.2231 49.2245 49.2144 49.1875 49.1697 49.1514 49.1500 49.1475 49.1510 49.1509 49.1500 49.1493 49.1440 49.1352 49.1175 49.1166 49.1102 49.0886 49.0867 49.0874 49.0911 49.0973
49.6307 49.6244 49.6109 49.6051 49.6163 49.6117 49.6109 49.5999 49.5898 49.5911 49.5813 49.5775 49.5795 49.5841 49.5874 49.5836 49.5811 49.5781 49.5753 49.5662 49.5556 49.5464 49.5263 49.5197 49.5147 49.5028 49.4891 49.4784 49.4546 49.4358 49.4146 49.4071 49.3988 49.3886 49.3697 49.3538 49.3443 49.3428 49.3368 49.3298 49.3214 49.3140 49.3045 49.2924 49.2873 49.2632 49.2597 49.2466 49.2224 49.2090 49.1846 49.1653 49.1713 49.1825 49.1920 49.1960 49.1928 49.1854 49.1733 49.1576 49.1527 49.1361 49.1150 49.0955 49.0995 49.0989 49.0959
49.6541 49.6458 49.6441 49.6406 49.6280 49.6271 49.6350 49.6306 49.6346 49.6295 49.6308 49.6224 49.6327 49.6337 49.6316 49.6273 49.6214 49.6144 49.6030 49.5915 49.5765 49.5686 49.5638 49.5532 49.5380 49.5212 49.5040 49.4848 49.4678 49.4509 49.4344 49.4163 49.4057 49.3940 49.3826 49.3749 49.3655 49.3558 49.3455 49.3357 49.3276 49.3200 49.3130 49.3054 49.3029 49.2976 49.2834 49.2533 49.2236 49.2020 49.1839 49.1914 49.2065 49.2099 49.2121 49.2079 49.2001 49.1898 49.1776 49.1678 49.1608 49.1504 49.1352 49.1084 49.1008 49.1036 49.0993
49.6663 49.6630 49.6662 49.6679 49.6725 49.6732 49.6815 49.6862 49.6860 49.6840 49.6798 49.6769 49.6727 49.6662 49.6601 49.6558 49.6485 49.6385 49.6303 49.6238 49.6153 49.6037 49.5941 49.5834 49.5714 49.5583 49.5440 49.5266 49.5088 49.4909 49.4677 49.4463 49.4498 49.4429 49.4287 49.4130 49.4052 49.3954 49.3836 49.3757 49.3693 49.3575 49.3542 49.3390 49.3250 49.3099 49.2893 49.2704 49.2395 49.2136 49.1973 49.2133 49.2097 49.2021 49.1874 49.1751 49.1659 49.1575 49.1493 49.1446 49.1342 49.1266 49.1218 49.1190 49.1181 49.1139 49.0991
49.7005 49.7109 49.7097 49.7135 49.7209 49.7236 49.7242 49.7244 49.7220 49.7184 49.7153 49.7097 49.7024 49.6935 49.6872 49.6776 49.6701 49.6626 49.6601 49.6524 49.6391 49.6281 49.6204 49.6089 49.5956 49.5829 49.5663 49.5484 49.5287 49.5116 49.4979 49.4846 49.4745 49.4650 49.4605 49.4467 49.4362 49.4310 49.4194 49.4055 49.3895 49.3657 49.3565 49.3356 49.3195 49.2996 49.2726 49.2504 49.2302 49.2159 49.1967 49.1901 49.1827 49.1747 49.1656 49.1568 49.1499 49.1429 49.1366 49.1320 49.1290 49.1283 49.1431 49.1323 49.1046 49.0882 49.0683
49.7402 49.7438 49.7508 49.7540 49.7579 49.7569 49.7579 49.7565 49.7556 49.7481 49.7414 49.7352 49.7277 49.7214 49.7122 49.7067 49.6971 49.6922 49.6854 49.6738 49.6632 49.6534 49.6411 49.6276 49.6160 49.6026 49.5815 49.5586 49.5417 49.5239 49.5130 49.4988 49.4834 49.4774 49.4690 49.4598 49.4501 49.4355 49.4214 49.4027 49.3840 49.3649 49.3434 49.3239 49.3002 49.2804 49.2629 49.2443 49.2267 49.2135 49.2058 49.1931 49.1849 49.1788 49.1704 49.1654 49.1590 49.1580 49.1390 49.1329 49.1411 49.1458 49.1263 49.0995 49.0814 49.0693 49.0528
49.7727 49.7782 49.7838 49.7909 49.7943 49.7919 49.7872 49.7829 49.7778 49.7733 49.7691 49.7627 49.7579 49.7495 49.7406 49.7313 49.7243 49.7147 49.7055 49.6980 49.6879 49.6747 49.6605 49.6486 49.6312 49.6075 49.5904 49.5796 49.5668 49.5534 49.5365 49.5271 49.5151 49.5086 49.4953 49.4868 49.4810 49.4593 49.4463 49.4302 49.4103 49.3894 49.3663 49.3350 49.3131 49.2965 49.2734 49.2525 49.2423 49.2321 49.2254 49.2142 49.2053 49.1952 49.1880 49.1840 49.1798 49.1774 49.1541 49.1362 49.1240 49.1180 49.0997 49.0863 49.0769 49.0681 49.0605
49.7973 49.8053 49.8118 49.8156 49.8177 49.8154 49.8113 49.8076 49.8038 49.7987 49.7941 49.7873 49.7780 49.7707 49.7617 49.7531 49.7439 49.7347 49.7269 49.7150 49.7017 49.6846 49.6695 49.6529 49.6361 49.6194 49.6033 49.5922 49.5775 49.5666 49.5527 49.5403 49.5357 49.5283 49.5163 49.5028 49.4854 49.4636 49.4368 49.4123 49.3928 49.3759 49.3640 49.3497 49.3349 49.3022 49.2838 49.2818 49.2885 49.2773 49.2694 49.2572 49.2426 49.2300 49.2232 49.2107 49.2048 49.1815 49.1553 49.1339 49.1198 49.1162 49.1046 49.0912 49.0825 49.0763 49.0703
49.8241 49.8382 49.8397 49.8436 49.8427 49.8390 49.8344 49.8308 49.8255 49.8243 49.8146 49.8066 49.7980 49.7887 49.7799 49.7708 49.7607 49.7501 49.7382 49.7276 49.7148 49.7009 49.6867 49.6717 49.6539 49.6266 49.6081 49.5939 49.5761 49.5539 49.5390 49.5314 49.5229 49.5087 49.4893 49.4752 49.4560 49.4383 49.4193 49.4000 49.3860 49.3733 49.3586 49.3421 49.3343 49.3026 49.3060 49.2997 49.2875 49.2756 49.2622 49.2501 49.2337 49.2247 49.2086 49.1982 49.1862 49.1745 49.1632 49.1420 49.1288 49.1089 49.1033 49.0903 49.0753 49.0590 49.0360
49.8578 49.8645 49.8658 49.8635 49.8629 49.8610 49.8560 49.8512 49.8460 49.8392 49.8302 49.8215 49.8145 49.8026 49.7928 49.7822 49.7717 49.7622 49.7520 49.7417 49.7292 49.7140 49.6957 49.6748 49.6555 49.6240 49.6009 49.5804 49.5644 49.5476 49.5324 49.5147 49.5025 49.4859 49.4699 49.4544 49.4391 49.4229 49.4051 49.3882 49.3731 49.3591 49.3434 49.3248 49.3116 49.2955 49.2824 49.2713 49.2605 49.2508 49.2437 49.2310 49.2226 49.2214 49.2059 49.2048 49.1895 49.1784 49.1635 49.1344 49.1108 49.0883 49.0649 49.0264 49.0206 48.9988 48.9664
49.8905 49.8904 49.8857 49.8848 49.8818 49.8790 49.8751 49.8718 49.8632 49.8544 49.8438 49.8335 49.8229 49.8128 49.8024 49.7929 49.7816 49.7676 49.7544 49.7376 49.7201 49.7039 49.6825 49.6596 49.6439 49.6216 49.6013 49.5807 49.5629 49.5467 49.5266 49.5122 49.4974 49.4837 49.4682 49.4543 49.4359 49.4200 49.4029 49.3883 49.3753 49.3589 49.3429 49.3280 49.3105 49.3005 49.2966 49.2886 49.2802 49.2691 49.2611 49.2554 49.2420 49.2261 49.1964 49.1745 49.1482 49.1241 49.0947 49.0671 49.0395 49.0163 48.9948 48.9752 48.9556 48.9363 48.9161
49.9079 49.9065 49.9047 49.9026 49.9002 49.8977 49.8898 49.8821 49.8744 49.8632 49.8534 49.8435 49.8321 49.8215 49.8075 49.7931 49.7767 49.7606 49.7447 49.7281 49.7139 49.7038 49.6877 49.6688 49.6460 49.6204 49.6000 49.5814 49.5608 49.5447 49.5290 49.5178 49.5036 49.4912 49.4778 49.4610 49.4472 49.4297 49.4148 49.4006 49.3895 49.3775 49.3677 49.3503 49.3332 49.3234 49.3132 49.2976 49.2849 49.2697 49.2534 49.2401 49.2016 49.1808 49.1609 49.1183 49.0905 49.0629 49.0378 49.0128 48.9902 48.9686 48.9478 48.9274 48.9102 48.8921 48.8734
49.9284 49.9263 49.9272 49.9234 49.9176 49.9108 49.9007 49.8909 49.8820 49.8738 49.8648 49.8539 49.8388 49.8249 49.8065 49.7903 49.7756 49.7623 49.7480 49.7337 49.7197 49.7048 49.6865 49.6666 49.6432 49.6163 49.5965 49.5774 49.5599 49.5474 49.5345 49.5234 49.5136 49.5036 49.4952 49.4821 49.4653 49.4522 49.4328 49.4166 49.3987 49.3808 49.3640 49.3436 49.3259 49.3098 49.2866 49.2658 49.2593 49.2411 49.2163 49.1876 49.1557 49.1196 49.0907 49.0630 49.0374 49.0126 48.9898 48.9681 48.9471 48.9268 48.9057 48.8871 48.8698 48.8526 48.8369
49.9496 49.9484 49.9437 49.9344 49.9267 49.9177 49.9084 49.8997 49.8923 49.8826 49.8717 49.8578 49.8445 49.8296 49.8134 49.7983 49.7835 49.7672 49.7504 49.7337 49.7154 49.6965 49.6767 49.6591 49.6390 49.6174 49.5999 49.5758 49.5708 49.5639 49.5543 49.5373 49.5243 49.5022 49.4793 49.4628 49.4364 49.4221 49.3985 49.3801 49.3610 49.3370 49.3190 49.3039 49.2891 49.2757 49.2594 49.2379 49.2105 49.1818 49.1503 49.1158 49.0878 49.0629 49.0370 49.0108 48.9851 48.9642 48.9435 48.9258 48.9045 48.8857 48.8684 48.8522 48.8365 48.8212 48.8063
49.9642 49.9588 49.9500 49.9410 49.9340 49.9260 49.9183 49.9105 49.9006 49.8920 49.8808 49.8679 49.8533 49.8365 49.8183 49.8005 49.7793 49.7539 49.7284 49.7032 49.6833 49.6635 49.6458 49.6277 49.6099 49.5931 49.5767 49.5717 49.5680 49.5522 49.5201 49.5060 49.4923 49.4572 49.4351 49.4115 49.3903 49.3694 49.3604 49.3506 49.3380 49.3224 49.3028 49.2826 49.2578 49.2353 49.2002 49.1678 49.1383 49.1084 49.0822 49.0561 49.0328 49.0112 48.9883 48.9658 48.9448 48.9255 48.9072 48.8897 48.8727 48.8566 48.8409 48.8263 48.8117 48.7977 48.7838
49.9683 49.9609 49.9551 49.9478 49.9415 49.9350 49.9279 49.9198 49.9086 49.8958 49.8817 49.8600 49.8326 49.8107 49.7858 49.7673 49.7431 49.7230 49.7044 49.6864 49.6687 49.6511 49.6344 49.6180 49.6004 49.5814 49.5692 49.5537 49.5308 49.5026 49.4812 49.4608 49.4391 49.4138 49.3929 49.3780 49.3700 49.3561 49.3398 49.3128 49.2905 49.2641 49.2416 49.2177 49.1981 49.1687 49.1450 49.1168 49.0868 49.0586 49.0325 49.0103 48.9888 48.9688 48.9496 48.9307 48.9128 48.8956 48.8792 48.8634 48.8483 48.8338 48.8197 48.8065 48.7934 48.7820 48.7695
49.9703 49.9658 49.9597 49.9539 49.9512 49.9439 49.9332 49.9206 49.9018 49.8827 49.8601 49.8335 49.8060 49.7858 49.7673 49.7505 49.7358 49.7216 49.7065 49.6898 49.6712 49.6542 49.6440 49.6308 49.6121 49.5931 49.5728 49.5506 49.5131 49.5008 49.4801 49.4536 49.4330 49.3990 49.3648 49.3651 49.3476 49.3246 49.2995 49.2672 49.2522 49.2382 49.2151 49.1883 49.1576 49.1269 49.0959 49.0653 49.0356 49.0135 48.9942 48.9749 48.9543 48.9366 48.9195 48.9028 48.8868 48.8716 48.8569 48.8432 48.8308 48.8184 48.8072 48.7948 48.7836 48.7730 48.7616
49.9753 49.9697 49.9647 49.9610 49.9516 49.9400 49.9259 49.9051 49.8788 49.8570 49.8330 49.8121 49.7953 49.7811 49.7681 49.7567 49.7484 49.7400 49.7326 49.7129 49.6940 49.6789 49.6684 49.6524 49.6342 49.6078 49.5756 49.5438 49.5151 49.5010 49.4736 49.4547 49.4084 49.3630 49.3357 49.3315 49.3013 49.2757 49.2642 49.2450 49.2135 49.1749 49.1404 49.1141 49.0890 49.0652 49.0417 49.0191 48.9986 48.9787 48.9603 48.9428 48.9263 48.9104 48.8952 48.8806 48.8666 48.8533 48.8414 48.8299 48.8203 48.8084 48.7983 48.7866 48.7749 48.7629 48.7504
49.9808 49.9768 49.9696 49.9622 49.9438 49.9238 49.8980 49.8776 49.8579 49.8386 49.8243 49.8112 49.7993 49.7908 49.7880 49.7812 49.7692 49.7526 49.7354 49.7187 49.7042 49.6923 49.6715 49.6521 49.6316 49.6073 49.5823 49.5512 49.5139 49.4771 49.4424 49.4043 49.3660 49.3295 49.2955 49.2690 49.2566 49.2373 49.2063 49.1703 49.1406 49.1167 49.0937 49.0739 49.0554 49.0319 49.0115 48.9905 48.9685 48.9504 48.9333 48.9174 48.9025 48.8882 48.8747 48.8637 48.8543 48.8455 48.8338 48.8230 48.8124 48.8015 48.7887 48.7765 48.7629 48.7467 48.7334
49.9856 49.9739 49.9651 49.9490 49.9201 49.9008 49.8776 49.8632 49.8498 49.8425 49.8341 49.8315 49.8220 49.8143 49.7982 49.7834 49.7682 49.7566 49.7363 49.7170 49.7009 49.6817 49.6648 49.6391 49.6097 49.5788 49.5434 49.5060 49.4639 49.4249 49.3903 49.3570 49.3271 49.3028 49.2707 49.2383 49.2053 49.1729 49.1483 49.1252 49.1087 49.0900 49.0689 49.0469 49.0238 48.9995 48.9789 48.9602 48.9426 48.9263 48.9110 48.8965 48.8832 48.8709 48.8609 48.8567 48.8477 48.8372 48.8274 48.8162 48.8030 48.7908 48.7766 48.7601 48.7462 48.7346 48.7239
49.9766 49.9633 49.9372 49.9170 49.9005 49.8853 49.8735 49.8612 49.8627 49.8571 49.8523 49.8422 49.8328 49.8180 49.8057 49.7828 49.7640 49.7417 49.7256 49.7028 49.6826 49.6608 49.6368 49.6099 49.5774 49.5478 49.5078 49.4658 49.4314 49.4014 49.3709 49.3358 49.3009 49.2617 49.2217 49.1877 49.1603 49.1360 49.1150 49.0975 49.0754 49.0551 49.0344 49.0098 48.9901 48.9716 48.9542 48.9377 48.9219 48.9070 48.8930 48.8801 48.8687 48.8597 48.8532 48.8464 48.8380 48.8279 48.8173 48.8044 48.7895 48.7801 48.7689 48.7554 48.7433 48.7263 48.7106
49.9483 49.9350 49.9215 49.9141 49.9077 49.9028 49.8917 49.8769 49.8566 49.8664 49.8595 49.8415 49.8295 49.8145 49.7894 49.7685 49.7397 49.7121 49.6900 49.6700 49.6505 49.6348 49.6169 49.5952 49.5617 49.5226 49.4785 49.4418 49.4156 49.3812 49.3419 49.2979 49.2541 49.2138 49.1799 49.1527 49.1282 49.1059 49.0837 49.0635 49.0434 49.0244 49.0035 48.9844 48.9665 48.9497 48.9341 48.9194 48.9051 48.8917 48.8803 48.8704 48.8617 48.8507 48.8441 48.8380 48.8288 48.8187 48.8060 48.8003 48.7897 48.7792 48.7611 48.7497 48.7359 48.7221 48.7023
49.9440 49.9403 49.9326 49.9249 49.9140 49.9025 49.8900 49.8820 49.8777 49.8526 49.8446 49.8324 49.8097 49.7779 49.7504 49.7226 49.6955 49.6702 49.6577 49.6501 49.6336 49.6123 49.5848 49.5499 49.5089 49.4750 49.4556 49.4223 49.3838 49.3345 49.2856 49.2388 49.2051 49.1763 49.1491 49.1243 49.1027 49.0826 49.0596 49.0392 49.0181 48.9986 48.9808 48.9637 48.9473 48.9321 48.9184 48.9075 48.9009 48.8866 48.8724 48.8623 48.8524 48.8436 48.8365 48.8290 48.8205 48.8143 48.8066 48.7963 48.7852 48.7711 48.7630 48.7477 48.7289 48.7106 48.6968
