geoid/Geoid_OGD/chgeo2004_htrans_ETRS.agr
ncols 559
nrows 253
xllcorner 5.8458333333333333
yllcorner 45.74583333333333
cellsize 0.0083333333333333333
nodata_value 99.9000
[rows 87 to 115 of 253, columns 268 to 334 of 559]
48.1686 48.1637 48.1505 48.1330 48.1247 48.1183 48.1011 48.0844 48.0651 48.0463 48.0308 48.0171 48.0034 47.9903 47.9786 47.9711 47.9582 47.9474 47.9341 47.9211 47.9063 47.8901 47.8734 47.8564 47.8398 47.8244 47.8065 47.7896 47.7769 47.7604 47.7471 47.7357 47.7269 47.7211 47.7188 47.7060 47.6951 47.6900 47.6929 47.7046 47.7060 47.6999 47.7017 47.6750 47.6619 47.6577 47.6539 47.6569 47.6621 47.6692 47.6904 47.7482 47.7809 47.8037 47.8187 47.8313 47.8220 47.8359 47.8324 47.8277 47.8317 47.8342 47.8398 47.8468 47.8539 47.8611 47.8681
48.1821 48.1745 48.1678 48.1614 48.1550 48.1493 48.1406 48.1283 48.1117 48.0905 48.0698 48.0500 48.0323 48.0180 48.0041 47.9936 47.9796 47.9675 47.9547 47.9426 47.9281 47.9107 47.8935 47.8777 47.8600 47.8406 47.8247 47.8103 47.7931 47.7789 47.7660 47.7559 47.7473 47.7397 47.7332 47.7278 47.7232 47.7227 47.7351 47.7504 47.7569 47.7413 47.7188 47.7069 47.6920 47.6884 47.6874 47.6892 47.6948 47.7032 47.7179 47.7511 47.7969 47.8379 47.8595 47.8732 47.8857 47.8974 47.8853 47.8775 47.8920 47.9053 47.9111 47.9122 47.9002 47.9065 47.9141
48.2095 48.2034 48.1954 48.1921 48.1858 48.1792 48.1717 48.1648 48.1569 48.1386 48.1128 48.0940 48.0747 48.0518 48.0348 48.0182 48.0070 47.9910 47.9770 47.9622 47.9481 47.9312 47.9147 47.8969 47.8789 47.8632 47.8459 47.8298 47.8146 47.8015 47.7904 47.7811 47.7729 47.7654 47.7631 47.7614 47.7575 47.7681 47.7920 47.8018 47.7887 47.7683 47.7492 47.7330 47.7271 47.7352 47.7418 47.7299 47.7302 47.7396 47.7491 47.7721 47.8067 47.8595 47.8896 47.9090 47.9370 47.9557 47.9450 47.9303 47.9537 47.9691 47.9867 47.9936 47.9708 47.9545 47.9609
48.2445 48.2343 48.2282 48.2279 48.2280 48.2231 48.2154 48.2054 48.1935 48.1814 48.1636 48.1407 48.1138 48.0921 48.0710 48.0511 48.0370 48.0216 48.0043 47.9873 47.9729 47.9549 47.9364 47.9203 47.9030 47.8840 47.8690 47.8537 47.8401 47.8285 47.8180 47.8094 47.8052 47.8014 47.7930 47.7924 47.8032 47.8328 47.8366 47.8220 47.8110 47.7940 47.7770 47.7730 47.7671 47.7665 47.7681 47.7666 47.7715 47.7779 47.7856 47.7974 47.8186 47.8581 47.9121 47.9463 47.9728 47.9940 47.9839 47.9900 48.0008 48.0262 48.0349 48.0533 48.0464 48.0108 48.0077
48.2807 48.2706 48.2630 48.2579 48.2578 48.2602 48.2527 48.2465 48.2366 48.2233 48.2068 48.1831 48.1578 48.1337 48.1091 48.0883 48.0679 48.0525 48.0360 48.0161 47.9995 47.9828 47.9606 47.9456 47.9267 47.9099 47.8934 47.8808 47.8686 47.8583 47.8512 47.8478 47.8355 47.8320 47.8368 47.8409 47.8586 47.8623 47.8501 47.8442 47.8308 47.8273 47.8207 47.8160 47.8095 47.8159 47.8091 47.8111 47.8151 47.8202 47.8273 47.8369 47.8487 47.8755 47.9220 47.9647 48.0089 48.0400 48.0559 48.0667 48.0872 48.1036 48.1069 48.1149 48.1050 48.0608 48.0548
48.3177 48.3089 48.2989 48.2908 48.2830 48.2761 48.2717 48.2671 48.2582 48.2514 48.2391 48.2223 48.2000 48.1752 48.1462 48.1239 48.1037 48.0860 48.0663 48.0490 48.0319 48.0134 47.9959 47.9746 47.9550 47.9381 47.9240 47.9118 47.9011 47.8965 47.8920 47.8766 47.8737 47.8870 47.8993 47.9019 47.8858 47.8813 47.8742 47.8736 47.8699 47.8635 47.8521 47.8529 47.8654 47.8858 47.8926 47.8709 47.8665 47.8702 47.8746 47.8817 47.8909 47.9117 47.9651 48.0232 48.0590 48.1118 48.1272 48.1530 48.1542 48.1528 48.1383 48.1208 48.1015 48.0891 48.0953
48.3582 48.3523 48.3400 48.3268 48.3222 48.3159 48.3038 48.2953 48.2903 48.2809 48.2715 48.2536 48.2345 48.2101 48.1806 48.1584 48.1380 48.1192 48.1011 48.0833 48.0652 48.0469 48.0269 48.0041 47.9875 47.9696 47.9565 47.9484 47.9410 47.9261 47.9218 47.9259 47.9262 47.9203 47.9214 47.9225 47.9109 47.9116 47.9104 47.9078 47.9007 47.8925 47.8923 47.9069 47.9302 47.9571 47.9893 47.9680 47.9501 47.9328 47.9291 47.9316 47.9377 47.9472 47.9803 48.0268 48.1009 48.1177 48.1389 48.1476 48.1432 48.1416 48.1343 48.1250 48.1223 48.1191 48.1398
48.4002 48.3870 48.3744 48.3687 48.3676 48.3642 48.3523 48.3401 48.3245 48.3099 48.2969 48.2827 48.2649 48.2439 48.2233 48.2006 48.1776 48.1596 48.1403 48.1241 48.1053 48.0819 48.0592 48.0448 48.0245 48.0083 47.9976 47.9820 47.9756 47.9750 47.9783 47.9800 47.9713 47.9630 47.9490 47.9493 47.9545 47.9504 47.9404 47.9261 47.9257 47.9301 47.9416 47.9685 48.0006 48.0399 48.0754 48.0878 48.0706 48.0574 48.0172 47.9928 47.9894 47.9931 48.0044 48.0330 48.0925 48.1031 48.1233 48.1336 48.1349 48.1352 48.1378 48.1333 48.1383 48.1575 48.1964
48.4431 48.4222 48.4129 48.4155 48.4098 48.3982 48.3929 48.3888 48.3727 48.3571 48.3404 48.3208 48.3046 48.2856 48.2639 48.2414 48.2204 48.2004 48.1820 48.1627 48.1424 48.1205 48.1041 48.0924 48.0793 48.0586 48.0440 48.0341 48.0231 48.0130 48.0059 48.0055 47.9921 47.9921 47.9949 47.9914 47.9807 47.9736 47.9610 47.9616 47.9660 47.9738 47.9952 48.0334 48.0881 48.1182 48.1553 48.1781 48.2169 48.2034 48.1330 48.0829 48.0527 48.0499 48.0526 48.0623 48.0848 48.0993 48.1102 48.1291 48.1267 48.1328 48.1419 48.1444 48.1575 48.1963 48.2355
48.4834 48.4731 48.4696 48.4409 48.4320 48.4377 48.4423 48.4332 48.4226 48.4073 48.3897 48.3671 48.3463 48.3207 48.2979 48.2745 48.2571 48.2394 48.2221 48.2049 48.1890 48.1788 48.1630 48.1470 48.1327 48.1158 48.0891 48.0741 48.0593 48.0475 48.0380 48.0305 48.0337 48.0288 48.0222 48.0163 48.0057 47.9991 47.9996 48.0013 48.0078 48.0244 48.0494 48.1118 48.1560 48.2100 48.2456 48.2635 48.2743 48.2833 48.2619 48.2100 48.1604 48.1308 48.1211 48.1160 48.1182 48.1245 48.1188 48.1222 48.1342 48.1356 48.1408 48.1539 48.1738 48.2055 48.2528
48.5403 48.5372 48.5351 48.5163 48.4919 48.4676 48.4510 48.4405 48.4391 48.4270 48.4075 48.3847 48.3708 48.3569 48.3436 48.3290 48.3136 48.2972 48.2811 48.2697 48.2684 48.2699 48.2428 48.2144 48.1929 48.1695 48.1409 48.1226 48.1067 48.0947 48.0817 48.0724 48.0644 48.0646 48.0558 48.0459 48.0413 48.0399 48.0410 48.0436 48.0549 48.0715 48.0933 48.1331 48.2015 48.2445 48.2762 48.2996 48.3074 48.3039 48.3114 48.2935 48.2430 48.2196 48.2081 48.1939 48.1807 48.1779 48.1646 48.1626 48.1640 48.1687 48.1780 48.1909 48.2072 48.2417 48.2557
48.5923 48.5963 48.5947 48.5835 48.5605 48.5417 48.5183 48.4954 48.4762 48.4660 48.4547 48.4445 48.4384 48.4332 48.4252 48.4175 48.4168 48.4098 48.3825 48.3429 48.3220 48.3025 48.2790 48.2562 48.2342 48.2120 48.1923 48.1755 48.1711 48.1497 48.1318 48.1195 48.1103 48.1025 48.0957 48.0906 48.0870 48.0853 48.0856 48.0933 48.1044 48.1077 48.1192 48.1392 48.1803 48.2210 48.2598 48.2925 48.3254 48.3660 48.3854 48.3802 48.3780 48.3510 48.3130 48.2873 48.2640 48.2421 48.2357 48.2299 48.2205 48.2222 48.2277 48.2366 48.2478 48.2631 48.2835
48.6421 48.6482 48.6519 48.6461 48.6231 48.5950 48.5687 48.5490 48.5455 48.5371 48.5333 48.5313 48.5327 48.5295 48.5273 48.5197 48.5092 48.4903 48.4612 48.4210 48.4070 48.3886 48.3654 48.3371 48.3048 48.2705 48.2476 48.2288 48.2197 48.2088 48.1843 48.1708 48.1614 48.1533 48.1472 48.1423 48.1384 48.1363 48.1360 48.1388 48.1434 48.1502 48.1592 48.1706 48.1845 48.2071 48.2216 48.2722 48.3166 48.3765 48.4500 48.4470 48.4636 48.4526 48.4351 48.4157 48.3944 48.3835 48.3437 48.3298 48.3186 48.3087 48.2993 48.3013 48.3341 48.3285 48.3231
48.6998 48.7098 48.7053 48.6850 48.6651 48.6474 48.6206 48.6255 48.6333 48.6236 48.6154 48.6141 48.6035 48.5982 48.5996 48.6074 48.6067 48.5792 48.5368 48.5156 48.5171 48.5007 48.4697 48.4278 48.3932 48.3504 48.3091 48.2838 48.2779 48.2615 48.2409 48.2242 48.2148 48.2074 48.2016 48.1975 48.1953 48.1940 48.1938 48.1951 48.1982 48.2027 48.2086 48.2165 48.2267 48.2382 48.2522 48.2691 48.3113 48.3745 48.4310 48.4507 48.4686 48.4706 48.4564 48.4499 48.4581 48.4567 48.4433 48.4336 48.4269 48.4303 48.4329 48.3957 48.3793 48.3601 48.3707
48.7558 48.7675 48.7478 48.7496 48.7293 48.7086 48.7079 48.7143 48.7138 48.7041 48.6927 48.6803 48.6790 48.6801 48.6840 48.6751 48.6672 48.6685 48.6367 48.6142 48.6039 48.5881 48.5613 48.5258 48.4764 48.4412 48.3813 48.3444 48.3246 48.3195 48.3007 48.2816 48.2729 48.2665 48.2621 48.2594 48.2585 48.2576 48.2573 48.2572 48.2581 48.2602 48.2634 48.2687 48.2759 48.2850 48.2961 48.3091 48.3261 48.3602 48.4174 48.4731 48.4798 48.4601 48.4614 48.4766 48.5106 48.5525 48.5217 48.4901 48.4798 48.4542 48.4454 48.4029 48.4028 48.4111 48.4254
48.8144 48.8234 48.8152 48.8239 48.8084 48.7892 48.7851 48.7676 48.7645 48.7689 48.7681 48.7757 48.7658 48.7585 48.7699 48.7644 48.7604 48.7308 48.7264 48.7056 48.7001 48.6842 48.6561 48.6185 48.5645 48.5129 48.4612 48.4180 48.3861 48.3671 48.3521 48.3424 48.3354 48.3310 48.3311 48.3429 48.3487 48.3982 48.4102 48.3856 48.3433 48.3447 48.3446 48.3500 48.3642 48.3401 48.3464 48.3568 48.3826 48.4466 48.4913 48.4934 48.4735 48.4512 48.4680 48.5252 48.5585 48.5144 48.4756 48.4429 48.4390 48.4395 48.4431 48.4494 48.4628 48.4754 48.4939
48.8768 48.8853 48.8815 48.8939 48.8853 48.8693 48.8580 48.8428 48.8585 48.8648 48.8816 48.8685 48.8754 48.8731 48.8886 48.8956 48.8478 48.8185 48.8169 48.8139 48.8036 48.7715 48.7296 48.6744 48.6267 48.5758 48.5233 48.4785 48.4496 48.4308 48.4167 48.4080 48.4027 48.4240 48.4518 48.4410 48.4434 48.4585 48.4560 48.4310 48.4185 48.4080 48.3916 48.3920 48.3962 48.4023 48.4090 48.4164 48.4254 48.4378 48.4477 48.4547 48.4617 48.4686 48.4928 48.5232 48.5127 48.4878 48.4882 48.4891 48.4905 48.4944 48.5021 48.5130 48.5582 48.5821 48.6092
48.9390 48.9486 48.9592 48.9615 48.9785 48.9500 48.9256 48.9311 48.9411 48.9698 48.9702 48.9713 49.0063 48.9921 48.9740 48.9526 48.9138 48.8968 48.8936 48.8940 48.9394 48.8724 48.8266 48.7493 48.6920 48.6408 48.5875 48.5431 48.5164 48.4982 48.4845 48.4762 48.4885 48.5220 48.5116 48.5258 48.5346 48.5074 48.4748 48.4614 48.4602 48.4616 48.4643 48.4672 48.4705 48.4745 48.4796 48.4860 48.4923 48.4989 48.5062 48.5130 48.5192 48.5255 48.5314 48.5368 48.5401 48.5434 48.5467 48.5550 48.5758 48.5941 48.5703 48.5845 48.6362 48.6732 48.7213
48.9947 49.0057 49.0177 49.0229 49.0410 49.0364 49.0229 49.0303 49.0366 49.0522 49.0572 49.0543 49.0747 49.0673 49.0439 49.0222 49.0165 49.0260 49.0503 49.0252 49.0049 48.9477 48.9009 48.8238 48.7810 48.7093 48.6722 48.6659 48.6303 48.5899 48.5537 48.5471 48.5665 48.6022 48.5835 48.5478 48.5372 48.5360 48.5354 48.5368 48.5392 48.5430 48.5470 48.5504 48.5530 48.5554 48.5594 48.5653 48.5705 48.5755 48.5806 48.5862 48.5923 48.5978 48.6034 48.6088 48.6138 48.6318 48.6605 48.6783 48.6833 48.6328 48.6410 48.6561 48.7175 48.7771 48.8864
49.0485 49.0526 49.0636 49.0826 49.0854 49.0993 49.1200 49.1270 49.1284 49.1519 49.1692 49.1783 49.1644 49.1613 49.1431 49.1284 49.1156 49.1027 49.0693 49.0492 49.0533 48.9879 48.9301 48.8499 48.7740 48.7181 48.6864 48.6663 48.6504 48.6377 48.6287 48.6335 48.6177 48.6162 48.6136 48.6124 48.6124 48.6151 48.6237 48.6346 48.6461 48.6591 48.6746 48.6809 48.6745 48.6660 48.6630 48.6599 48.6630 48.6669 48.6705 48.6753 48.6810 48.7075 48.7398 48.7587 48.7772 48.7844 48.7868 48.7720 48.7610 48.7184 48.7111 48.7267 48.8058 48.8696 48.9793
49.1450 49.1284 49.1454 49.1514 49.1509 49.1467 49.1661 49.1965 49.2424 49.2411 49.2284 49.2039 49.1856 49.1666 49.1503 49.1224 49.1146 49.1163 49.1018 49.0478 49.0468 48.9836 48.9168 48.8419 48.7877 48.7637 48.7472 48.7343 48.7437 48.7390 48.7193 48.7121 48.7051 48.7034 48.6976 48.6970 48.6982 48.7124 48.7341 48.7520 48.7718 48.8047 48.8314 48.8891 48.8220 48.8082 48.8069 48.8101 48.8123 48.8018 48.8123 48.8218 48.8362 48.8310 48.8381 48.8410 48.8465 48.8508 48.8384 48.8282 48.8375 48.7742 48.7793 48.7928 48.8294 48.8830 48.9810
49.2046 49.2101 49.2240 49.2350 49.2346 49.2180 49.2257 49.2438 49.2752 49.2871 49.2930 49.2696 49.2457 49.2202 49.2019 49.1728 49.1307 49.1058 49.0747 49.0409 48.9981 48.9476 48.9017 48.8610 48.8393 48.8241 48.8387 48.8560 48.8405 48.8108 48.8170 48.8298 48.8274 48.8229 48.8143 48.8067 48.7942 48.7999 48.8356 48.8793 48.9204 48.9704 49.0194 48.9856 48.9613 48.9604 48.9653 48.9888 48.9813 48.9853 48.9919 48.9917 48.9782 48.9799 49.0091 49.0252 49.0445 49.0488 49.0123 48.9507 48.8884 48.8449 48.8478 48.8591 48.8796 48.9150 48.9715
49.2937 49.2927 49.3118 49.3370 49.3560 49.3461 49.3015 49.3051 49.3211 49.3373 49.3422 49.3250 49.3142 49.2996 49.2838 49.2431 49.1811 49.1373 49.0811 49.0264 49.0037 48.9648 48.9352 48.9134 48.8981 48.9055 48.9198 48.9032 48.8968 48.9114 48.9465 48.9946 48.9905 48.9759 48.9854 48.9812 48.9228 48.8996 48.9242 48.9767 49.0526 49.1151 49.1367 49.1094 49.1104 49.0939 49.1219 49.1636 49.1571 49.1562 49.1401 49.1184 49.0849 49.1514 49.1541 49.1529 49.1653 49.1209 49.0525 48.9818 48.9271 48.9161 48.9174 48.9276 48.9485 49.0201 49.1280
49.3572 49.3764 49.3986 49.4002 49.3795 49.3585 49.3674 49.3823 49.4002 49.4135 49.3839 49.3766 49.3437 49.3234 49.3005 49.2623 49.2042 49.1615 49.1193 49.0805 49.0455 49.0165 48.9919 48.9722 48.9655 48.9829 48.9756 48.9791 48.9891 49.0566 49.1035 49.1517 49.1599 49.1625 49.1376 49.0834 49.0280 48.9988 49.0150 49.0739 49.1434 49.1727 49.2151 49.2744 49.2550 49.2287 49.2773 49.2977 49.2852 49.2648 49.2538 49.2171 49.2229 49.2381 49.2432 49.2676 49.2583 49.2192 49.1372 49.0344 48.9995 48.9898 48.9892 48.9978 49.0411 49.1398 49.2437
49.4930 49.4725 49.4526 49.4470 49.4435 49.4407 49.4663 49.4829 49.4587 49.4361 49.4154 49.3996 49.3739 49.3479 49.3406 49.3291 49.3054 49.2719 49.1933 49.1452 49.1033 49.0671 49.0495 49.0381 49.0468 49.0526 49.0591 49.0756 49.0962 49.1708 49.2183 49.2690 49.2295 49.1953 49.1723 49.1404 49.1137 49.1026 49.1087 49.1811 49.2080 49.2516 49.3046 49.3480 49.3640 49.3795 49.3953 49.4090 49.4254 49.4178 49.3903 49.3669 49.3672 49.3686 49.3995 49.3994 49.3787 49.3049 49.2073 49.1442 49.1111 49.0673 49.0635 49.0695 49.1411 49.1942 49.2463
49.5306 49.5333 49.5457 49.5331 49.5103 49.5190 49.5391 49.5230 49.4930 49.4917 49.4936 49.4760 49.4542 49.4552 49.4237 49.3984 49.3544 49.2900 49.2292 49.1907 49.1477 49.1199 49.1096 49.1184 49.1218 49.1295 49.1470 49.1724 49.2057 49.2433 49.2763 49.3246 49.3133 49.2991 49.2832 49.2629 49.2389 49.2019 49.2103 49.2867 49.3387 49.3895 49.4108 49.4249 49.4775 49.5036 49.5345 49.5507 49.5874 49.5818 49.5608 49.5419 49.5191 49.4540 49.4134 49.3722 49.3460 49.3488 49.3395 49.2860 49.2306 49.1748 49.1408 49.1445 49.1566 49.1823 49.2698
49.6195 49.6380 49.6149 49.5931 49.5844 49.5992 49.5794 49.5593 49.5530 49.5644 49.5628 49.5279 49.5063 49.4786 49.4581 49.4115 49.3662 49.3145 49.2695 49.2281 49.1946 49.1819 49.1807 49.1908 49.1989 49.2121 49.2402 49.2798 49.3277 49.3627 49.3977 49.4210 49.4105 49.4120 49.4168 49.4283 49.3665 49.3062 49.3109 49.3967 49.4772 49.5358 49.5627 49.5862 49.6161 49.6558 49.6789 49.7000 49.7050 49.6692 49.6130 49.5731 49.5222 49.4864 49.4682 49.4709 49.4956 49.3968 49.3701 49.3580 49.3610 49.2460 49.2251 49.2214 49.2278 49.2455 49.3272
49.7186 49.6899 49.6783 49.6506 49.6680 49.6366 49.6246 49.6314 49.6316 49.6006 49.5690 49.5422 49.5250 49.4844 49.4600 49.4246 49.3880 49.3463 49.3080 49.2796 49.2540 49.2500 49.2621 49.2710 49.2882 49.3136 49.3433 49.3885 49.4528 49.4917 49.5338 49.5255 49.5223 49.5468 49.5189 49.4799 49.4303 49.3965 49.4327 49.5067 49.5604 49.6351 49.6623 49.7119 49.7588 49.8024 49.8016 49.7567 49.7292 49.7185 49.7014 49.6623 49.6157 49.5929 49.6283 49.6258 49.6005 49.5150 49.5665 49.5064 49.4134 49.3410 49.3101 49.2989 49.2998 49.3110 49.3969
49.7497 49.7609 49.7347 49.7152 49.7078 49.6806 49.6716 49.6694 49.6505 49.6183 49.5878 49.5555 49.5284 49.4999 49.4782 49.4456 49.4192 49.3795 49.3436 49.3257 49.3211 49.3313 49.3407 49.3595 49.3945 49.4171 49.4514 49.4979 49.5550 49.6172 49.6562 49.6554 49.6400 49.6074 49.5974 49.5289 49.4845 49.5139 49.5735 49.5815 49.6079 49.6554 49.7212 49.7878 49.8231 49.8527 49.8649 49.8741 49.8471 49.8200 49.8170 49.8054 49.7297 49.7309 49.7994 49.7568 49.6842 49.6379 49.6774 49.5895 49.5766 49.4655 49.3947 49.3761 49.3693 49.3721 49.3981
